1
vision
4 100 668
2 83 94 10.0 
0 1435.0 
2 38 47 10.0 
2 38 49 10.0 
2 83 92 10.0 
3 43 53 54 -30.0 
4 73 74 83 84 60.0 
3 75 76 86 -30.0 
3 75 76 85 -30.0 
3 29 30 40 -30.0 
3 25 34 35 -30.0 
3 18 28 29 -30.0 
2 16 25 10.0 
2 9 18 10.0 
2 61 72 10.0 
2 16 27 10.0 
3 88 98 99 -30.0 
3 53 62 63 -30.0 
3 28 37 38 -30.0 
1 1 35.0 
1 2 45.0 
1 3 45.0 
1 4 45.0 
3 47 48 57 -30.0 
1 5 45.0 
3 47 48 58 -30.0 
1 6 45.0 
1 7 45.0 
1 8 45.0 
1 9 45.0 
3 29 30 39 -30.0 
3 15 25 26 -30.0 
4 88 89 98 99 60.0 
2 9 20 10.0 
3 78 79 89 -30.0 
2 26 35 10.0 
2 26 37 10.0 
3 46 56 57 -30.0 
3 72 73 82 -30.0 
3 72 73 83 -30.0 
3 67 76 77 -30.0 
3 74 84 85 -30.0 
4 45 46 55 56 60.0 
3 56 65 66 -30.0 
3 85 95 96 -30.0 
4 44 45 54 55 60.0 
3 78 79 88 -30.0 
2 48 59 10.0 
2 48 57 10.0 
2 51 62 10.0 
4 69 70 79 80 60.0 
3 61 62 72 -30.0 
3 57 67 68 -30.0 
3 61 62 71 -30.0 
2 73 84 10.0 
4 46 47 56 57 60.0 
2 73 82 10.0 
3 84 93 94 -30.0 
4 15 16 25 26 60.0 
3 39 48 49 -30.0 
3 8 17 18 -30.0 
3 5 6 16 -30.0 
3 5 6 15 -30.0 
3 36 37 47 -30.0 
3 36 37 46 -30.0 
4 17 18 27 28 60.0 
2 85 96 10.0 
3 64 65 75 -30.0 
3 22 31 32 -30.0 
3 64 65 74 -30.0 
2 85 94 10.0 
2 36 47 10.0 
3 29 39 40 -30.0 
2 36 45 10.0 
3 9 10 20 -30.0 
4 18 19 28 29 60.0 
4 16 17 26 27 60.0 
3 9 10 19 -30.0 
4 9 10 19 20 60.0 
3 33 34 43 -30.0 
3 33 34 44 -30.0 
3 86 87 97 -30.0 
3 86 87 96 -30.0 
2 14 23 10.0 
2 14 25 10.0 
3 12 22 23 -30.0 
3 71 81 82 -30.0 
3 40 49 50 -30.0 
2 63 72 10.0 
2 63 74 10.0 
4 58 59 68 69 60.0 
3 49 50 59 -30.0 
3 22 23 32 -30.0 
3 22 23 33 -30.0 
3 67 68 78 -30.0 
3 51 61 62 -30.0 
3 78 87 88 -30.0 
2 41 52 10.0 
4 86 87 96 97 60.0 
2 58 69 10.0 
3 58 59 69 -30.0 
3 58 59 68 -30.0 
3 83 84 94 -30.0 
2 58 67 10.0 
3 83 84 93 -30.0 
3 49 50 60 -30.0 
4 14 15 24 25 60.0 
4 6 7 16 17 60.0 
3 87 96 97 -30.0 
2 81 92 10.0 
4 39 40 49 50 60.0 
3 68 78 79 -30.0 
4 32 33 42 43 60.0 
3 5 14 15 -30.0 
3 13 14 23 -30.0 
3 13 14 24 -30.0 
3 2 3 12 -30.0 
3 2 3 13 -30.0 
4 42 43 52 53 60.0 
4 76 77 86 87 60.0 
4 29 30 39 40 60.0 
2 18 29 10.0 
2 18 27 10.0 
3 67 68 77 -30.0 
3 4 14 15 -30.0 
3 41 42 52 -30.0 
3 41 42 51 -30.0 
2 2 13 10.0 
2 2 11 10.0 
2 28 37 10.0 
2 28 39 10.0 
4 72 73 82 83 60.0 
3 14 23 24 -30.0 
3 77 87 88 -30.0 
4 3 4 13 14 60.0 
4 74 75 84 85 60.0 
3 32 42 43 -30.0 
2 71 82 10.0 
3 60 69 70 -30.0 
3 42 51 52 -30.0 
3 23 33 34 -30.0 
3 66 67 76 -30.0 
3 66 67 77 -30.0 
3 49 59 60 -30.0 
3 33 42 43 -30.0 
3 59 68 69 -30.0 
3 63 64 73 -30.0 
3 63 64 74 -30.0 
4 84 85 94 95 60.0 
3 55 65 66 -30.0 
3 38 39 49 -30.0 
3 10 19 20 -30.0 
3 38 39 48 -30.0 
4 12 13 22 23 60.0 
3 14 15 25 -30.0 
3 14 15 24 -30.0 
2 66 75 10.0 
3 13 22 23 -30.0 
2 66 77 10.0 
2 88 99 10.0 
2 88 97 10.0 
3 80 89 90 -30.0 
3 16 25 26 -30.0 
3 3 4 13 -30.0 
4 27 28 37 38 60.0 
3 3 4 14 -30.0 
3 6 15 16 -30.0 
2 4 13 10.0 
3 3 12 13 -30.0 
2 4 15 10.0 
3 69 70 80 -30.0 
2 78 87 10.0 
2 32 43 10.0 
2 78 89 10.0 
2 32 41 10.0 
3 65 74 75 -30.0 
3 45 46 55 -30.0 
3 56 57 67 -30.0 
2 10 19 10.0 
4 11 12 21 22 60.0 
4 56 57 66 67 60.0 
3 56 57 66 -30.0 
3 69 70 79 -30.0 
4 4 5 14 15 60.0 
2 56 67 10.0 
3 24 34 35 -30.0 
3 48 58 59 -30.0 
2 56 65 10.0 
4 55 56 65 66 60.0 
3 58 67 68 -30.0 
3 37 47 48 -30.0 
3 34 43 44 -30.0 
3 47 56 57 -30.0 
3 76 85 86 -30.0 
3 72 81 82 -30.0 
3 69 79 80 -30.0 
4 35 36 45 46 60.0 
3 32 33 42 -30.0 
3 32 33 43 -30.0 
3 21 31 32 -30.0 
3 45 46 56 -30.0 
4 48 49 58 59 60.0 
2 42 53 10.0 
3 66 76 77 -30.0 
3 19 29 30 -30.0 
2 42 51 10.0 
3 11 12 21 -30.0 
3 11 12 22 -30.0 
2 19 28 10.0 
3 27 28 38 -30.0 
3 27 28 37 -30.0 
2 68 77 10.0 
4 28 29 38 39 60.0 
2 68 79 10.0 
3 79 88 89 -30.0 
2 20 29 10.0 
3 62 72 73 -30.0 
2 19 30 10.0 
4 7 8 17 18 60.0 
3 77 78 87 -30.0 
3 77 78 88 -30.0 
3 89 99 100 -30.0 
2 6 15 10.0 
2 6 17 10.0 
4 47 48 57 58 60.0 
3 34 35 44 -30.0 
2 24 33 10.0 
3 7 17 18 -30.0 
2 24 35 10.0 
3 54 63 64 -30.0 
4 75 76 85 86 60.0 
3 34 35 45 -30.0 
3 29 38 39 -30.0 
2 46 57 10.0 
2 46 55 10.0 
3 89 90 99 -30.0 
4 43 44 53 54 60.0 
3 36 45 46 -30.0 
3 44 54 55 -30.0 
3 90 99 100 -30.0 
3 17 27 28 -30.0 
4 87 88 97 98 60.0 
4 31 32 41 42 60.0 
2 64 73 10.0 
2 64 75 10.0 
3 38 47 48 -30.0 
2 86 97 10.0 
3 43 44 54 -30.0 
2 86 95 10.0 
3 35 45 46 -30.0 
3 43 44 53 -30.0 
3 30 39 40 -30.0 
3 45 54 55 -30.0 
3 2 12 13 -30.0 
3 26 36 37 -30.0 
3 52 53 62 -30.0 
3 52 53 63 -30.0 
3 82 92 93 -30.0 
2 34 45 10.0 
2 76 85 10.0 
2 34 43 10.0 
2 76 87 10.0 
4 83 84 93 94 60.0 
2 12 21 10.0 
2 12 23 10.0 
3 27 36 37 -30.0 
2 54 63 10.0 
2 54 65 10.0 
3 81 82 92 -30.0 
3 18 27 28 -30.0 
3 9 19 20 -30.0 
4 63 64 73 74 60.0 
3 81 82 91 -30.0 
2 8 17 10.0 
3 88 89 98 -30.0 
2 8 19 10.0 
3 88 89 99 -30.0 
3 25 26 35 -30.0 
3 25 26 36 -30.0 
2 22 31 10.0 
3 64 74 75 -30.0 
2 22 33 10.0 
3 83 92 93 -30.0 
2 89 100 10.0 
3 16 17 26 -30.0 
3 16 17 27 -30.0 
3 73 83 84 -30.0 
4 71 72 81 82 60.0 
2 44 55 10.0 
3 4 5 14 -30.0 
3 4 5 15 -30.0 
2 44 53 10.0 
3 51 52 62 -30.0 
3 51 52 61 -30.0 
4 8 9 18 19 60.0 
3 67 77 78 -30.0 
3 74 83 84 -30.0 
3 49 58 59 -30.0 
3 6 7 17 -30.0 
3 6 7 16 -30.0 
3 26 27 37 -30.0 
3 26 27 36 -30.0 
2 50 59 10.0 
2 49 58 10.0 
4 38 39 48 49 60.0 
4 51 52 61 62 60.0 
2 27 36 10.0 
2 72 83 10.0 
2 72 81 10.0 
2 27 38 10.0 
3 23 24 34 -30.0 
2 15 24 10.0 
3 23 24 33 -30.0 
2 15 26 10.0 
3 50 59 60 -30.0 
3 8 18 19 -30.0 
4 66 67 76 77 60.0 
3 39 49 50 -30.0 
3 22 32 33 -30.0 
2 37 46 10.0 
3 61 71 72 -30.0 
2 37 48 10.0 
3 43 52 53 -30.0 
4 23 24 33 34 60.0 
3 54 55 64 -30.0 
3 54 55 65 -30.0 
3 32 41 42 -30.0 
4 89 90 99 100 60.0 
4 49 50 59 60 60.0 
4 22 23 32 33 60.0 
4 67 68 77 78 60.0 
3 88 97 98 -30.0 
3 35 44 45 -30.0 
3 53 63 64 -30.0 
3 4 13 14 -30.0 
3 28 38 39 -30.0 
4 5 6 15 16 60.0 
3 19 20 30 -30.0 
2 62 71 10.0 
4 24 25 34 35 60.0 
2 62 73 10.0 
2 84 95 10.0 
2 84 93 10.0 
3 82 83 92 -30.0 
3 82 83 93 -30.0 
3 19 20 29 -30.0 
3 7 16 17 -30.0 
3 78 88 89 -30.0 
4 37 38 47 48 60.0 
3 63 72 73 -30.0 
3 56 66 67 -30.0 
3 85 94 95 -30.0 
3 68 69 78 -30.0 
2 47 58 10.0 
3 68 69 79 -30.0 
2 47 56 10.0 
3 18 19 28 -30.0 
2 52 61 10.0 
3 18 19 29 -30.0 
2 52 63 10.0 
2 25 34 10.0 
3 25 35 36 -30.0 
3 57 66 67 -30.0 
2 74 85 10.0 
2 25 36 10.0 
2 74 83 10.0 
3 84 94 95 -30.0 
3 14 24 25 -30.0 
3 59 69 70 -30.0 
4 36 37 46 47 60.0 
2 29 40 10.0 
3 75 85 86 -30.0 
2 1 12 10.0 
4 64 65 74 75 60.0 
3 46 47 56 -30.0 
3 46 47 57 -30.0 
2 30 39 10.0 
4 79 80 89 90 60.0 
2 69 78 10.0 
3 42 52 53 -30.0 
4 54 55 64 65 60.0 
3 76 77 87 -30.0 
3 37 38 48 -30.0 
3 76 77 86 -30.0 
3 37 38 47 -30.0 
2 70 79 10.0 
2 69 80 10.0 
3 74 75 85 -30.0 
3 74 75 84 -30.0 
3 87 97 98 -30.0 
3 69 78 79 -30.0 
4 68 69 78 79 60.0 
2 29 38 10.0 
3 65 66 76 -30.0 
3 65 66 75 -30.0 
2 17 28 10.0 
3 41 51 52 -30.0 
3 12 13 23 -30.0 
2 40 49 10.0 
2 17 26 10.0 
3 23 32 33 -30.0 
2 39 50 10.0 
2 59 68 10.0 
3 39 40 49 -30.0 
3 85 86 96 -30.0 
3 33 43 44 -30.0 
3 85 86 95 -30.0 
4 52 53 62 63 60.0 
2 39 48 10.0 
3 15 24 25 -30.0 
3 57 58 67 -30.0 
3 57 58 68 -30.0 
2 59 70 10.0 
4 19 20 29 30 60.0 
3 52 61 62 -30.0 
3 48 49 59 -30.0 
3 70 79 80 -30.0 
3 39 40 50 -30.0 
3 48 49 58 -30.0 
2 60 69 10.0 
3 12 13 22 -30.0 
3 24 33 34 -30.0 
4 1 2 11 12 60.0 
3 77 86 87 -30.0 
3 58 68 69 -30.0 
3 31 32 42 -30.0 
3 31 32 41 -30.0 
2 82 93 10.0 
3 68 77 78 -30.0 
4 82 83 92 93 60.0 
2 82 91 10.0 
3 86 96 97 -30.0 
3 5 15 16 -30.0 
2 3 14 10.0 
2 3 12 10.0 
1 100 35.0 
2 49 60 10.0 
4 2 3 12 13 60.0 
3 62 71 72 -30.0 
3 86 95 96 -30.0 
2 55 64 10.0 
4 62 63 72 73 60.0 
3 87 88 97 -30.0 
2 55 66 10.0 
3 87 88 98 -30.0 
3 89 90 100 -30.0 
3 37 46 47 -30.0 
4 59 60 69 70 60.0 
1 10 35.0 
1 11 45.0 
1 12 65.0 
1 13 65.0 
3 9 18 19 -30.0 
1 14 65.0 
1 15 65.0 
3 79 89 90 -30.0 
1 16 65.0 
3 84 85 95 -30.0 
1 17 65.0 
3 84 85 94 -30.0 
1 18 65.0 
1 19 65.0 
3 76 86 87 -30.0 
2 77 86 10.0 
2 77 88 10.0 
3 31 41 42 -30.0 
3 35 36 45 -30.0 
3 35 36 46 -30.0 
1 20 45.0 
1 21 45.0 
1 22 65.0 
1 23 15.0 
1 24 15.0 
1 25 15.0 
2 89 98 10.0 
1 26 15.0 
1 27 15.0 
1 28 65.0 
1 29 65.0 
3 19 28 29 -30.0 
4 77 78 87 88 60.0 
3 52 62 63 -30.0 
3 89 98 99 -30.0 
3 21 22 32 -30.0 
3 6 16 17 -30.0 
3 21 22 31 -30.0 
2 43 54 10.0 
1 30 45.0 
1 31 45.0 
2 43 52 10.0 
1 32 65.0 
1 33 15.0 
1 34 15.0 
3 17 18 28 -30.0 
1 35 15.0 
3 17 18 27 -30.0 
1 36 15.0 
1 37 15.0 
1 38 65.0 
1 39 65.0 
4 34 35 44 45 60.0 
4 33 34 43 44 60.0 
4 78 79 88 89 60.0 
3 83 93 94 -30.0 
2 67 76 10.0 
3 13 23 24 -30.0 
2 21 32 10.0 
1 40 45.0 
1 41 45.0 
1 42 65.0 
2 67 78 10.0 
1 43 15.0 
4 13 14 23 24 60.0 
1 44 15.0 
1 45 15.0 
3 24 25 34 -30.0 
1 46 15.0 
3 24 25 35 -30.0 
1 47 15.0 
1 48 65.0 
1 49 65.0 
3 16 26 27 -30.0 
4 57 58 67 68 60.0 
3 8 9 18 -30.0 
3 8 9 19 -30.0 
3 28 29 38 -30.0 
3 28 29 39 -30.0 
1 50 45.0 
3 73 74 84 -30.0 
1 51 45.0 
3 73 74 83 -30.0 
1 52 65.0 
1 53 15.0 
1 54 15.0 
1 55 15.0 
1 56 15.0 
1 57 15.0 
2 5 14 10.0 
1 58 65.0 
1 59 65.0 
2 5 16 10.0 
2 31 42 10.0 
2 90 99 10.0 
3 65 75 76 -30.0 
1 60 45.0 
1 61 45.0 
4 26 27 36 37 60.0 
1 62 65.0 
3 75 84 85 -30.0 
1 63 15.0 
1 64 15.0 
1 65 15.0 
1 66 15.0 
1 67 15.0 
1 68 65.0 
2 79 90 10.0 
1 69 65.0 
2 57 68 10.0 
3 48 57 58 -30.0 
2 57 66 10.0 
3 59 60 70 -30.0 
3 26 35 36 -30.0 
1 70 45.0 
1 71 45.0 
1 72 65.0 
1 73 65.0 
3 34 44 45 -30.0 
2 80 89 10.0 
1 74 65.0 
1 75 65.0 
1 76 65.0 
1 77 65.0 
1 78 65.0 
1 79 65.0 
3 3 13 14 -30.0 
3 47 57 58 -30.0 
3 55 56 65 -30.0 
3 55 56 66 -30.0 
2 79 88 10.0 
3 44 53 54 -30.0 
3 42 43 53 -30.0 
3 42 43 52 -30.0 
3 59 60 69 -30.0 
1 80 45.0 
1 81 45.0 
1 82 65.0 
1 83 65.0 
1 84 65.0 
1 85 65.0 
1 86 65.0 
3 38 48 49 -30.0 
1 87 65.0 
1 88 65.0 
2 13 22 10.0 
1 89 65.0 
2 13 24 10.0 
4 25 26 35 36 60.0 
1 90 45.0 
3 2 11 12 -30.0 
3 63 73 74 -30.0 
3 66 75 76 -30.0 
1 91 35.0 
1 92 45.0 
1 93 45.0 
1 94 45.0 
1 95 45.0 
1 96 45.0 
1 97 45.0 
1 98 45.0 
1 99 45.0 
3 71 72 81 -30.0 
3 71 72 82 -30.0 
2 35 46 10.0 
2 35 44 10.0 
3 17 26 27 -30.0 
3 73 82 83 -30.0 
2 53 62 10.0 
4 21 22 31 32 60.0 
3 81 91 92 -30.0 
2 53 64 10.0 
3 12 21 22 -30.0 
4 53 54 63 64 60.0 
2 75 86 10.0 
2 75 84 10.0 
3 15 16 26 -30.0 
3 15 16 25 -30.0 
4 65 66 75 76 60.0 
2 7 16 10.0 
2 7 18 10.0 
3 82 91 92 -30.0 
3 11 21 22 -30.0 
3 72 82 83 -30.0 
2 87 98 10.0 
2 87 96 10.0 
3 1 2 12 -30.0 
3 45 55 56 -30.0 
3 1 2 11 -30.0 
2 45 56 10.0 
4 61 62 71 72 60.0 
2 45 54 10.0 
3 44 45 54 -30.0 
3 20 29 30 -30.0 
3 44 45 55 -30.0 
4 41 42 51 52 60.0 
2 23 32 10.0 
3 64 73 74 -30.0 
4 85 86 95 96 60.0 
2 23 34 10.0 
2 65 74 10.0 
2 65 76 10.0 
3 54 64 65 -30.0 
2 11 22 10.0 
3 27 37 38 -30.0 
3 62 63 73 -30.0 
3 62 63 72 -30.0 
3 79 80 89 -30.0 
3 7 8 18 -30.0 
3 7 8 17 -30.0 
3 55 64 65 -30.0 
3 36 46 47 -30.0 
2 33 44 10.0 
2 33 42 10.0 
3 53 54 64 -30.0 
3 53 54 63 -30.0 
4 81 82 91 92 60.0 
3 1 11 12 -30.0 
3 46 55 56 -30.0 
3 79 80 90 -30.0 
