5
vision
4 150 1033
0 3760.0 
3 19 33 34 -30.0 
3 6 21 22 -30.0 
3 29 30 45 -30.0 
3 29 30 44 -30.0 
4 110 111 125 126 60.0 
3 10 25 26 -30.0 
4 122 123 137 138 60.0 
4 40 41 55 56 60.0 
2 131 145 10.0 
2 131 147 10.0 
3 121 122 137 -30.0 
3 83 98 99 -30.0 
4 77 78 92 93 60.0 
2 83 97 10.0 
3 121 122 136 -30.0 
2 83 99 10.0 
3 84 99 100 -30.0 
3 65 79 80 -30.0 
3 47 48 63 -30.0 
3 20 34 35 -30.0 
3 80 95 96 -30.0 
4 107 108 122 123 60.0 
2 115 129 10.0 
3 47 48 62 -30.0 
1 1 -15.0 
1 2 -5.0 
1 3 45.0 
1 4 -5.0 
1 5 -5.0 
1 6 45.0 
3 114 128 129 -30.0 
1 7 45.0 
1 8 -5.0 
2 86 102 10.0 
2 115 131 10.0 
1 9 -5.0 
3 37 52 53 -30.0 
3 102 116 117 -30.0 
2 61 77 10.0 
2 86 100 10.0 
3 108 109 123 -30.0 
3 108 109 124 -30.0 
3 47 61 62 -30.0 
4 59 60 74 75 60.0 
2 9 25 10.0 
4 12 13 27 28 60.0 
2 9 23 10.0 
3 78 79 93 -30.0 
2 48 64 10.0 
2 48 62 10.0 
3 78 79 94 -30.0 
2 106 122 10.0 
3 133 134 149 -30.0 
3 133 134 148 -30.0 
3 62 76 77 -30.0 
4 11 12 26 27 60.0 
3 72 73 88 -30.0 
2 114 128 10.0 
3 13 28 29 -30.0 
3 72 73 87 -30.0 
3 3 17 18 -30.0 
3 34 48 49 -30.0 
3 41 56 57 -30.0 
3 87 102 103 -30.0 
2 94 110 10.0 
3 101 102 116 -30.0 
3 23 37 38 -30.0 
3 101 102 117 -30.0 
3 52 67 68 -30.0 
4 76 77 91 92 60.0 
3 114 129 130 -30.0 
3 91 92 106 -30.0 
3 91 92 107 -30.0 
2 94 108 10.0 
4 134 135 149 150 60.0 
3 76 91 92 -30.0 
3 134 148 149 -30.0 
2 123 139 10.0 
2 26 40 10.0 
2 123 137 10.0 
2 26 42 10.0 
3 65 80 81 -30.0 
3 119 133 134 -30.0 
2 122 136 10.0 
2 122 138 10.0 
3 58 72 73 -30.0 
3 41 42 56 -30.0 
2 73 89 10.0 
4 78 79 93 94 60.0 
2 14 30 10.0 
3 41 42 57 -30.0 
2 87 103 10.0 
2 73 87 10.0 
2 87 101 10.0 
2 51 65 10.0 
2 51 67 10.0 
3 61 62 77 -30.0 
3 61 62 76 -30.0 
2 132 148 10.0 
2 132 146 10.0 
4 127 128 142 143 60.0 
2 36 52 10.0 
3 95 110 111 -30.0 
2 36 50 10.0 
3 36 37 52 -30.0 
3 128 143 144 -30.0 
3 36 37 51 -30.0 
2 116 132 10.0 
3 44 59 60 -30.0 
3 33 34 48 -30.0 
2 116 130 10.0 
3 33 34 49 -30.0 
3 48 63 64 -30.0 
4 13 14 28 29 60.0 
3 21 36 37 -30.0 
3 107 121 122 -30.0 
4 7 8 22 23 60.0 
4 130 131 145 146 60.0 
4 48 49 63 64 60.0 
3 5 6 20 -30.0 
3 5 6 21 -30.0 
3 9 10 24 -30.0 
3 79 94 95 -30.0 
3 9 10 25 -30.0 
3 87 101 102 -30.0 
3 134 149 150 -30.0 
4 47 48 62 63 60.0 
2 85 99 10.0 
3 85 86 100 -30.0 
3 85 86 101 -30.0 
2 63 77 10.0 
2 63 79 10.0 
3 64 65 80 -30.0 
2 93 107 10.0 
2 93 109 10.0 
2 14 28 10.0 
3 64 65 79 -30.0 
3 104 105 120 -30.0 
2 41 57 10.0 
3 45 59 60 -30.0 
2 41 55 10.0 
3 94 109 110 -30.0 
4 18 19 33 34 60.0 
3 82 96 97 -30.0 
2 133 147 10.0 
2 133 149 10.0 
3 130 144 145 -30.0 
2 18 32 10.0 
3 67 68 83 -30.0 
3 67 68 82 -30.0 
2 18 34 10.0 
4 53 54 68 69 60.0 
3 55 56 70 -30.0 
3 55 56 71 -30.0 
3 36 50 51 -30.0 
3 99 113 114 -30.0 
2 121 137 10.0 
3 119 134 135 -30.0 
3 29 44 45 -30.0 
2 84 100 10.0 
3 49 50 65 -30.0 
3 49 50 64 -30.0 
3 98 99 114 -30.0 
3 98 99 113 -30.0 
3 83 84 99 -30.0 
3 83 84 98 -30.0 
4 35 36 50 51 60.0 
3 22 23 38 -30.0 
3 58 59 73 -30.0 
3 116 130 131 -30.0 
4 114 115 129 130 60.0 
3 58 59 74 -30.0 
3 22 23 37 -30.0 
2 105 119 10.0 
3 54 68 69 -30.0 
2 58 72 10.0 
2 58 74 10.0 
3 116 117 131 -30.0 
3 116 117 132 -30.0 
3 40 54 55 -30.0 
3 13 14 28 -30.0 
3 110 124 125 -30.0 
3 13 14 29 -30.0 
3 50 51 66 -30.0 
3 50 51 65 -30.0 
3 26 41 42 -30.0 
3 72 87 88 -30.0 
3 93 107 108 -30.0 
3 2 3 18 -30.0 
2 92 106 10.0 
2 81 95 10.0 
4 102 103 117 118 60.0 
3 123 138 139 -30.0 
3 2 17 18 -30.0 
2 81 97 10.0 
3 2 3 17 -30.0 
2 92 108 10.0 
4 43 44 58 59 60.0 
3 17 32 33 -30.0 
3 27 41 42 -30.0 
3 73 87 88 -30.0 
3 63 78 79 -30.0 
3 12 26 27 -30.0 
2 112 128 10.0 
2 108 122 10.0 
2 108 124 10.0 
2 112 126 10.0 
4 41 42 56 57 60.0 
3 130 145 146 -30.0 
4 113 114 128 129 60.0 
3 86 100 101 -30.0 
3 1 16 17 -30.0 
3 116 131 132 -30.0 
2 120 134 10.0 
3 21 22 36 -30.0 
3 21 22 37 -30.0 
2 85 101 10.0 
4 83 84 98 99 60.0 
2 2 18 10.0 
2 114 130 10.0 
2 2 16 10.0 
2 28 44 10.0 
2 28 42 10.0 
4 71 72 86 87 60.0 
3 93 108 109 -30.0 
3 90 104 105 -30.0 
2 91 107 10.0 
2 107 123 10.0 
2 16 32 10.0 
2 71 87 10.0 
2 107 121 10.0 
2 71 85 10.0 
4 81 82 96 97 60.0 
3 66 67 81 -30.0 
3 66 67 82 -30.0 
3 64 79 80 -30.0 
3 74 88 89 -30.0 
3 109 110 125 -30.0 
3 99 114 115 -30.0 
3 109 110 124 -30.0 
3 113 114 128 -30.0 
3 113 114 129 -30.0 
2 113 129 10.0 
2 38 52 10.0 
2 113 127 10.0 
3 11 25 26 -30.0 
3 18 33 34 -30.0 
2 38 54 10.0 
3 28 42 43 -30.0 
3 9 24 25 -30.0 
3 110 125 126 -30.0 
4 66 67 81 82 60.0 
3 103 117 118 -30.0 
4 109 110 124 125 60.0 
3 53 67 68 -30.0 
3 14 15 30 -30.0 
3 38 39 53 -30.0 
3 38 39 54 -30.0 
3 14 15 29 -30.0 
4 118 119 133 134 60.0 
3 77 91 92 -30.0 
2 103 119 10.0 
3 3 4 19 -30.0 
3 3 4 18 -30.0 
4 73 74 88 89 60.0 
3 43 58 59 -30.0 
2 66 82 10.0 
2 66 80 10.0 
3 11 12 27 -30.0 
3 11 12 26 -30.0 
3 49 64 65 -30.0 
4 94 95 109 110 60.0 
3 56 57 71 -30.0 
3 56 57 72 -30.0 
3 69 70 84 -30.0 
3 69 70 85 -30.0 
3 67 82 83 -30.0 
2 32 48 10.0 
2 32 46 10.0 
2 103 117 10.0 
4 69 70 84 85 60.0 
3 101 115 116 -30.0 
2 4 20 10.0 
3 60 74 75 -30.0 
3 97 98 113 -30.0 
3 107 108 122 -30.0 
2 134 148 10.0 
3 107 108 123 -30.0 
3 127 142 143 -30.0 
3 71 85 86 -30.0 
3 97 98 112 -30.0 
2 4 18 10.0 
3 63 64 78 -30.0 
2 119 135 10.0 
2 10 24 10.0 
4 44 45 59 60 60.0 
3 50 65 66 -30.0 
3 63 64 79 -30.0 
2 119 133 10.0 
4 133 134 148 149 60.0 
2 10 26 10.0 
3 91 106 107 -30.0 
2 56 70 10.0 
2 56 72 10.0 
2 20 36 10.0 
3 111 125 126 -30.0 
2 20 34 10.0 
3 94 108 109 -30.0 
3 103 118 119 -30.0 
3 117 118 133 -30.0 
4 24 25 39 40 60.0 
3 117 118 132 -30.0 
3 56 71 72 -30.0 
3 95 96 110 -30.0 
3 117 132 133 -30.0 
3 12 27 28 -30.0 
3 95 96 111 -30.0 
3 77 78 92 -30.0 
3 77 78 93 -30.0 
2 134 150 10.0 
3 81 96 97 -30.0 
2 42 56 10.0 
3 66 80 81 -30.0 
2 78 92 10.0 
3 32 33 47 -30.0 
2 42 58 10.0 
2 78 94 10.0 
3 32 33 48 -30.0 
3 133 147 148 -30.0 
2 104 118 10.0 
4 131 132 146 147 60.0 
3 70 71 86 -30.0 
3 70 71 85 -30.0 
4 67 68 82 83 60.0 
3 35 50 51 -30.0 
4 101 102 116 117 60.0 
3 127 128 143 -30.0 
3 127 128 142 -30.0 
2 104 120 10.0 
3 7 22 23 -30.0 
3 38 53 54 -30.0 
4 84 85 99 100 60.0 
3 27 28 43 -30.0 
3 123 137 138 -30.0 
3 27 28 42 -30.0 
3 107 122 123 -30.0 
4 58 59 73 74 60.0 
4 9 10 24 25 60.0 
3 22 36 37 -30.0 
3 8 22 23 -30.0 
2 19 33 10.0 
2 19 35 10.0 
3 104 105 119 -30.0 
3 39 53 54 -30.0 
3 113 127 128 -30.0 
3 101 116 117 -30.0 
2 68 84 10.0 
2 68 82 10.0 
3 131 145 146 -30.0 
4 38 39 53 54 60.0 
3 35 49 50 -30.0 
3 78 93 94 -30.0 
3 127 141 142 -30.0 
2 24 38 10.0 
2 46 62 10.0 
2 88 104 10.0 
3 111 126 127 -30.0 
3 43 44 58 -30.0 
2 74 90 10.0 
3 43 44 59 -30.0 
3 33 47 48 -30.0 
4 2 3 17 18 60.0 
2 88 102 10.0 
4 64 65 79 80 60.0 
3 114 115 130 -30.0 
4 46 47 61 62 60.0 
3 5 19 20 -30.0 
3 34 35 50 -30.0 
2 6 20 10.0 
2 6 22 10.0 
3 34 35 49 -30.0 
3 114 115 129 -30.0 
2 24 40 10.0 
2 64 78 10.0 
3 52 53 67 -30.0 
3 52 53 68 -30.0 
3 124 125 140 -30.0 
3 121 136 137 -30.0 
2 117 133 10.0 
2 117 131 10.0 
3 70 85 86 -30.0 
3 124 125 139 -30.0 
3 69 84 85 -30.0 
2 34 50 10.0 
4 32 33 47 48 60.0 
3 134 135 150 -30.0 
3 131 146 147 -30.0 
3 4 19 20 -30.0 
2 64 80 10.0 
4 20 21 35 36 60.0 
3 134 135 149 -30.0 
2 101 115 10.0 
2 101 117 10.0 
3 4 5 20 -30.0 
3 61 76 77 -30.0 
4 3 4 18 19 60.0 
3 80 94 95 -30.0 
4 29 30 44 45 60.0 
3 51 65 66 -30.0 
2 34 48 10.0 
4 115 116 130 131 60.0 
4 95 96 110 111 60.0 
3 93 94 109 -30.0 
3 93 94 108 -30.0 
4 52 53 67 68 60.0 
2 130 144 10.0 
4 96 97 111 112 60.0 
2 130 146 10.0 
4 116 117 131 132 60.0 
4 89 90 104 105 60.0 
2 54 68 10.0 
3 32 47 48 -30.0 
3 81 82 97 -30.0 
3 81 82 96 -30.0 
4 72 73 87 88 60.0 
2 12 26 10.0 
2 12 28 10.0 
3 42 56 57 -30.0 
4 49 50 64 65 60.0 
2 118 132 10.0 
2 54 70 10.0 
2 118 134 10.0 
2 22 36 10.0 
3 23 38 39 -30.0 
2 22 38 10.0 
4 117 118 132 133 60.0 
4 129 130 144 145 60.0 
3 59 73 74 -30.0 
4 97 98 112 113 60.0 
2 44 60 10.0 
3 15 29 30 -30.0 
3 25 26 40 -30.0 
3 25 26 41 -30.0 
3 5 20 21 -30.0 
4 98 99 113 114 60.0 
4 80 81 95 96 60.0 
2 44 58 10.0 
3 6 20 21 -30.0 
2 76 92 10.0 
4 1 2 16 17 60.0 
3 88 89 104 -30.0 
2 8 24 10.0 
2 89 105 10.0 
2 8 22 10.0 
2 89 103 10.0 
3 88 89 103 -30.0 
2 102 118 10.0 
3 24 38 39 -30.0 
2 102 116 10.0 
3 4 5 19 -30.0 
3 14 29 30 -30.0 
3 131 132 146 -30.0 
3 16 17 31 -30.0 
3 131 132 147 -30.0 
3 16 17 32 -30.0 
3 3 18 19 -30.0 
3 41 55 56 -30.0 
3 51 52 66 -30.0 
4 55 56 70 71 60.0 
3 97 112 113 -30.0 
3 26 27 42 -30.0 
3 26 27 41 -30.0 
3 34 49 50 -30.0 
3 124 138 139 -30.0 
3 58 73 74 -30.0 
3 92 93 107 -30.0 
3 92 93 108 -30.0 
4 62 63 77 78 60.0 
2 72 88 10.0 
2 72 86 10.0 
3 68 82 83 -30.0 
2 50 64 10.0 
2 50 66 10.0 
3 111 112 127 -30.0 
3 111 112 126 -30.0 
3 23 24 39 -30.0 
3 23 24 38 -30.0 
3 95 109 110 -30.0 
3 54 55 70 -30.0 
3 86 87 101 -30.0 
2 37 51 10.0 
3 104 119 120 -30.0 
2 37 53 10.0 
3 86 87 102 -30.0 
3 126 141 142 -30.0 
3 54 55 69 -30.0 
3 99 100 115 -30.0 
3 99 100 114 -30.0 
4 33 34 48 49 60.0 
2 15 29 10.0 
3 9 23 24 -30.0 
3 19 34 35 -30.0 
3 10 24 25 -30.0 
4 34 35 49 50 60.0 
4 4 5 19 20 60.0 
3 6 7 22 -30.0 
3 6 7 21 -30.0 
2 62 76 10.0 
2 62 78 10.0 
2 100 116 10.0 
2 100 114 10.0 
4 99 100 114 115 60.0 
4 28 29 43 44 60.0 
3 19 20 35 -30.0 
3 92 107 108 -30.0 
4 124 125 139 140 60.0 
3 100 114 115 -30.0 
3 19 20 34 -30.0 
2 25 41 10.0 
3 106 107 121 -30.0 
3 106 107 122 -30.0 
3 20 21 36 -30.0 
3 20 21 35 -30.0 
3 47 62 63 -30.0 
3 79 93 94 -30.0 
4 132 133 147 148 60.0 
3 82 83 97 -30.0 
3 82 83 98 -30.0 
3 84 85 100 -30.0 
3 75 89 90 -30.0 
2 47 63 10.0 
2 47 61 10.0 
4 56 57 71 72 60.0 
3 124 139 140 -30.0 
2 84 98 10.0 
3 97 111 112 -30.0 
4 25 26 40 41 60.0 
3 68 69 83 -30.0 
3 68 69 84 -30.0 
3 85 100 101 -30.0 
3 44 58 59 -30.0 
3 31 46 47 -30.0 
3 16 31 32 -30.0 
4 27 28 42 43 60.0 
3 109 123 124 -30.0 
3 117 131 132 -30.0 
2 25 39 10.0 
3 72 86 87 -30.0 
3 26 40 41 -30.0 
2 74 88 10.0 
4 100 101 115 116 60.0 
4 26 27 41 42 60.0 
2 52 68 10.0 
3 18 19 33 -30.0 
2 52 66 10.0 
3 13 27 28 -30.0 
3 51 52 67 -30.0 
3 62 77 78 -30.0 
3 18 19 34 -30.0 
3 89 103 104 -30.0 
3 48 62 63 -30.0 
2 30 44 10.0 
2 29 45 10.0 
3 31 32 46 -30.0 
3 21 35 36 -30.0 
3 126 127 141 -30.0 
2 29 43 10.0 
3 31 32 47 -30.0 
3 100 115 116 -30.0 
4 57 58 72 73 60.0 
3 120 134 135 -30.0 
3 129 144 145 -30.0 
3 46 47 61 -30.0 
3 133 148 149 -30.0 
3 46 47 62 -30.0 
2 80 96 10.0 
2 80 94 10.0 
3 57 71 72 -30.0 
3 54 69 70 -30.0 
3 18 32 33 -30.0 
3 11 26 27 -30.0 
3 64 78 79 -30.0 
4 104 105 119 120 60.0 
2 1 17 10.0 
2 69 85 10.0 
2 128 142 10.0 
2 69 83 10.0 
2 128 144 10.0 
3 37 38 53 -30.0 
3 37 38 52 -30.0 
3 129 143 144 -30.0 
2 40 56 10.0 
3 126 127 142 -30.0 
2 40 54 10.0 
3 76 77 92 -30.0 
4 21 22 36 37 60.0 
3 76 77 91 -30.0 
2 70 84 10.0 
3 74 75 89 -30.0 
2 70 86 10.0 
3 113 128 129 -30.0 
3 29 43 44 -30.0 
3 109 124 125 -30.0 
4 31 32 46 47 60.0 
3 74 75 90 -30.0 
4 103 104 118 119 60.0 
3 12 13 28 -30.0 
3 12 13 27 -30.0 
3 106 121 122 -30.0 
3 20 35 36 -30.0 
3 123 124 139 -30.0 
3 27 42 43 -30.0 
3 73 88 89 -30.0 
3 123 124 138 -30.0 
2 39 53 10.0 
2 39 55 10.0 
3 55 69 70 -30.0 
3 65 66 80 -30.0 
2 99 115 10.0 
4 63 64 78 79 60.0 
2 99 113 10.0 
3 89 104 105 -30.0 
4 92 93 107 108 60.0 
3 65 66 81 -30.0 
2 59 73 10.0 
2 59 75 10.0 
3 48 49 64 -30.0 
3 48 49 63 -30.0 
2 17 31 10.0 
2 17 33 10.0 
3 39 40 54 -30.0 
3 39 40 55 -30.0 
3 30 44 45 -30.0 
4 61 62 76 77 60.0 
4 93 94 108 109 60.0 
3 36 51 52 -30.0 
3 57 58 72 -30.0 
3 57 58 73 -30.0 
2 129 145 10.0 
2 90 104 10.0 
3 119 120 135 -30.0 
3 119 120 134 -30.0 
3 40 41 56 -30.0 
3 103 104 119 -30.0 
2 129 143 10.0 
3 103 104 118 -30.0 
3 55 70 71 -30.0 
3 37 51 52 -30.0 
3 82 97 98 -30.0 
2 27 43 10.0 
4 111 112 126 127 60.0 
2 27 41 10.0 
2 60 74 10.0 
3 126 140 141 -30.0 
3 96 110 111 -30.0 
2 135 149 10.0 
3 104 118 119 -30.0 
2 49 65 10.0 
1 100 65.0 
2 49 63 10.0 
1 101 15.0 
1 102 65.0 
1 103 65.0 
1 104 65.0 
4 91 92 106 107 60.0 
1 105 -5.0 
1 106 -5.0 
1 107 65.0 
3 40 41 55 -30.0 
1 108 15.0 
3 83 97 98 -30.0 
1 109 65.0 
4 112 113 127 128 60.0 
2 82 96 10.0 
3 2 16 17 -30.0 
2 82 98 10.0 
3 22 37 38 -30.0 
2 77 91 10.0 
3 25 40 41 -30.0 
3 96 97 112 -30.0 
2 77 93 10.0 
3 96 97 111 -30.0 
2 98 114 10.0 
3 110 111 126 -30.0 
2 98 112 10.0 
2 111 127 10.0 
2 111 125 10.0 
3 110 111 125 -30.0 
3 125 140 141 -30.0 
1 110 15.0 
3 71 86 87 -30.0 
1 111 65.0 
1 112 15.0 
2 55 69 10.0 
1 113 15.0 
1 114 15.0 
2 3 19 10.0 
1 115 15.0 
3 135 149 150 -30.0 
1 116 15.0 
2 3 17 10.0 
1 117 65.0 
1 118 65.0 
1 119 15.0 
3 89 90 104 -30.0 
4 106 107 121 122 60.0 
3 129 130 145 -30.0 
3 89 90 105 -30.0 
3 86 101 102 -30.0 
3 129 130 144 -30.0 
1 10 45.0 
1 11 45.0 
1 12 -5.0 
3 35 36 50 -30.0 
3 84 85 99 -30.0 
1 13 -5.0 
3 35 36 51 -30.0 
1 14 45.0 
3 46 61 62 -30.0 
2 55 71 10.0 
1 15 -15.0 
1 16 45.0 
2 127 143 10.0 
1 17 65.0 
1 18 15.0 
2 127 141 10.0 
1 19 65.0 
4 123 124 138 139 60.0 
3 132 133 148 -30.0 
3 132 133 147 -30.0 
4 51 52 66 67 60.0 
1 120 -5.0 
1 121 -5.0 
1 122 15.0 
1 123 65.0 
1 124 15.0 
3 56 70 71 -30.0 
1 125 15.0 
1 126 15.0 
1 127 65.0 
1 128 65.0 
1 129 15.0 
1 20 65.0 
1 21 65.0 
1 22 15.0 
1 23 65.0 
1 24 15.0 
1 25 65.0 
2 43 57 10.0 
1 26 15.0 
1 27 15.0 
2 43 59 10.0 
1 28 15.0 
1 29 15.0 
4 23 24 38 39 60.0 
1 130 65.0 
1 131 15.0 
1 132 65.0 
3 28 43 44 -30.0 
1 133 65.0 
1 134 15.0 
3 32 46 47 -30.0 
1 135 -5.0 
1 136 -15.0 
1 137 -5.0 
1 138 45.0 
4 8 9 23 24 60.0 
1 139 -5.0 
4 22 23 37 38 60.0 
3 49 63 64 -30.0 
1 30 -5.0 
1 31 -5.0 
1 32 65.0 
3 7 21 22 -30.0 
1 33 15.0 
3 25 39 40 -30.0 
1 34 15.0 
1 35 15.0 
3 38 52 53 -30.0 
1 36 65.0 
1 37 15.0 
2 21 37 10.0 
1 38 15.0 
1 39 15.0 
2 21 35 10.0 
3 100 101 115 -30.0 
3 100 101 116 -30.0 
4 108 109 123 124 60.0 
3 74 89 90 -30.0 
4 119 120 134 135 60.0 
1 140 -5.0 
1 141 -5.0 
1 142 45.0 
3 84 98 99 -30.0 
1 143 45.0 
3 125 139 140 -30.0 
1 144 -5.0 
3 96 111 112 -30.0 
1 145 45.0 
1 146 -5.0 
1 147 45.0 
4 121 122 136 137 60.0 
1 148 45.0 
1 149 -5.0 
3 17 18 33 -30.0 
3 17 18 32 -30.0 
1 40 15.0 
1 41 65.0 
1 42 15.0 
1 43 15.0 
1 44 65.0 
1 45 -5.0 
3 28 29 43 -30.0 
2 97 111 10.0 
1 46 45.0 
3 28 29 44 -30.0 
1 47 65.0 
2 97 113 10.0 
1 48 65.0 
1 49 65.0 
3 8 23 24 -30.0 
3 17 31 32 -30.0 
3 24 25 39 -30.0 
4 86 87 101 102 60.0 
3 39 54 55 -30.0 
1 150 35.0 
4 65 66 80 81 60.0 
2 110 126 10.0 
4 17 18 32 33 60.0 
2 67 83 10.0 
3 63 77 78 -30.0 
3 105 119 120 -30.0 
2 67 81 10.0 
3 73 74 88 -30.0 
3 112 113 128 -30.0 
3 24 25 40 -30.0 
3 112 113 127 -30.0 
1 50 15.0 
1 51 15.0 
1 52 15.0 
2 110 124 10.0 
1 53 15.0 
1 54 15.0 
1 55 15.0 
1 56 15.0 
1 57 15.0 
1 58 65.0 
2 126 140 10.0 
1 59 65.0 
2 126 142 10.0 
3 67 81 82 -30.0 
4 87 88 102 103 60.0 
3 115 129 130 -30.0 
3 88 103 104 -30.0 
2 31 47 10.0 
1 60 45.0 
1 61 -5.0 
4 128 129 143 144 60.0 
1 62 15.0 
1 63 15.0 
3 102 103 118 -30.0 
1 64 15.0 
3 102 103 117 -30.0 
1 65 15.0 
1 66 15.0 
1 67 15.0 
1 68 15.0 
3 81 95 96 -30.0 
1 69 15.0 
2 79 93 10.0 
4 88 89 103 104 60.0 
3 130 131 145 -30.0 
2 79 95 10.0 
3 122 123 137 -30.0 
3 122 123 138 -30.0 
3 130 131 146 -30.0 
4 37 38 52 53 60.0 
4 5 6 20 21 60.0 
2 5 21 10.0 
3 42 43 58 -30.0 
3 42 43 57 -30.0 
3 59 60 75 -30.0 
2 109 125 10.0 
3 98 113 114 -30.0 
2 5 19 10.0 
3 50 64 65 -30.0 
1 70 15.0 
1 71 15.0 
1 72 15.0 
4 36 37 51 52 60.0 
3 59 60 74 -30.0 
1 73 65.0 
1 74 15.0 
3 57 72 73 -30.0 
1 75 -5.0 
1 76 45.0 
1 77 15.0 
2 57 71 10.0 
1 78 15.0 
1 79 15.0 
2 57 73 10.0 
4 16 17 31 32 60.0 
3 53 68 69 -30.0 
3 73 74 89 -30.0 
3 40 55 56 -30.0 
2 109 123 10.0 
3 8 9 23 -30.0 
3 4 18 19 -30.0 
3 8 9 24 -30.0 
1 80 15.0 
1 81 15.0 
1 82 15.0 
1 83 15.0 
1 84 15.0 
4 6 7 21 22 60.0 
1 85 15.0 
3 115 130 131 -30.0 
1 86 15.0 
1 87 15.0 
2 35 51 10.0 
1 88 15.0 
1 89 15.0 
4 14 15 29 30 60.0 
3 66 81 82 -30.0 
3 122 137 138 -30.0 
4 125 126 140 141 60.0 
3 94 95 109 -30.0 
3 115 116 130 -30.0 
1 90 -5.0 
2 13 29 10.0 
1 91 45.0 
1 92 15.0 
2 13 27 10.0 
1 93 65.0 
1 94 15.0 
3 42 57 58 -30.0 
1 95 15.0 
1 96 15.0 
1 97 15.0 
3 85 99 100 -30.0 
1 98 15.0 
4 68 69 83 84 60.0 
3 88 102 103 -30.0 
1 99 15.0 
4 39 40 54 55 60.0 
3 112 127 128 -30.0 
3 71 72 87 -30.0 
3 108 123 124 -30.0 
3 71 72 86 -30.0 
2 96 112 10.0 
3 115 116 131 -30.0 
2 96 110 10.0 
3 128 142 143 -30.0 
2 125 141 10.0 
2 35 49 10.0 
3 80 81 95 -30.0 
3 10 11 25 -30.0 
3 92 106 107 -30.0 
3 10 11 26 -30.0 
3 69 83 84 -30.0 
3 80 81 96 -30.0 
3 98 112 113 -30.0 
4 126 127 141 142 60.0 
2 75 89 10.0 
2 53 69 10.0 
2 53 67 10.0 
4 54 55 69 70 60.0 
3 132 147 148 -30.0 
2 125 139 10.0 
3 94 95 110 -30.0 
4 10 11 25 26 60.0 
4 42 43 57 58 60.0 
4 79 80 94 95 60.0 
3 125 126 141 -30.0 
3 125 126 140 -30.0 
4 85 86 100 101 60.0 
3 118 133 134 -30.0 
3 128 129 144 -30.0 
3 128 129 143 -30.0 
2 45 59 10.0 
3 14 28 29 -30.0 
2 124 140 10.0 
3 53 54 68 -30.0 
3 43 57 58 -30.0 
3 24 39 40 -30.0 
3 53 54 69 -30.0 
2 7 21 10.0 
2 95 109 10.0 
2 7 23 10.0 
3 68 83 84 -30.0 
3 108 122 123 -30.0 
3 1 2 17 -30.0 
3 1 2 16 -30.0 
3 78 92 93 -30.0 
3 118 119 134 -30.0 
2 65 79 10.0 
3 118 119 133 -30.0 
3 7 8 23 -30.0 
3 44 45 59 -30.0 
2 95 111 10.0 
3 7 8 22 -30.0 
2 23 37 10.0 
3 132 146 147 -30.0 
2 23 39 10.0 
3 59 74 75 -30.0 
3 44 45 60 -30.0 
3 33 48 49 -30.0 
4 74 75 89 90 60.0 
4 50 51 65 66 60.0 
3 87 88 103 -30.0 
3 87 88 102 -30.0 
3 102 117 118 -30.0 
4 82 83 97 98 60.0 
3 52 66 67 -30.0 
3 62 63 77 -30.0 
3 118 132 133 -30.0 
2 65 81 10.0 
4 70 71 85 86 60.0 
2 11 25 10.0 
3 112 126 127 -30.0 
2 11 27 10.0 
2 124 138 10.0 
3 62 63 78 -30.0 
2 33 49 10.0 
2 33 47 10.0 
3 51 66 67 -30.0 
3 122 136 137 -30.0 
3 70 84 85 -30.0 
4 19 20 34 35 60.0 
3 79 80 94 -30.0 
3 77 92 93 -30.0 
3 79 80 95 -30.0 
